1.116234129386314000e-01
1.627419089039596478e-01
9.193785486612314484e-02
1.222308791213890800e-01
5.373625054737251466e-02
7.349912486158946545e-02
6.067408569745024599e-02
6.189873321844473891e-02
6.530687189967264439e-02
7.142779482935596169e-02
5.654471033146422215e-02
1.039528786655205400e-01
9.876627484273252378e-02
8.454984951213313782e-02
8.106158357577696039e-02
5.748343914599524096e-02
7.556676374644415162e-02
4.924776656144187748e-02
7.592077134908102598e-02
9.590528622438432294e-02
8.162616784846277174e-02
7.497048944838609341e-02
9.083325811786265025e-02
6.493452366688994004e-02
7.104362789671378464e-02
8.233049863377404909e-02
8.352440383381004585e-02
9.292884127224397550e-02
1.056144425801554682e-01
1.231457096697251979e-01
7.800819669132237622e-02
1.149833554073922126e-01
1.146055124863217672e-01
1.281144798161587550e-01
9.424751142134259185e-02
1.350672717352828511e-01
1.326233627203930177e-01
