5.011600129958818095e-02
3.606687915886355039e-02
2.550568802001722257e-02
2.584549833475934671e-02
9.412086305588898000e-03
9.028199667523139835e-03
1.912799842761154709e-02
2.699434630753213410e-02
3.215602304748545193e-02
2.688968512956048384e-02
2.166813571427326710e-02
2.095295331450688567e-02
2.470454397928904811e-02
1.921967117303505918e-02
2.172978933375887753e-02
2.522884877237118254e-02
2.123302276779855807e-02
1.718005061593997837e-02
1.612818359795360409e-02
3.638101976268629661e-02
3.319365435354699329e-02
4.381032505851822217e-02
4.075606701814762228e-02
1.843796958598045710e-02
2.661491811552131950e-02
2.736835675551297850e-02
1.439708267200057179e-02
2.385355476500169644e-02
3.570127253893569386e-02
5.029262227901038634e-02
2.785460338413285261e-02
2.473672238392504372e-02
2.349290560119977542e-02
2.251450775070825555e-02
2.500463076773640561e-02
4.301446849628642183e-02
3.734308256979472496e-02
2.284093004348693168e-02
2.981861086033584310e-02
4.159264288329381221e-02
2.417548829883913591e-02
2.355538894793342275e-02
3.927120027137642744e-02
4.424571386465120382e-02
2.820366545086576762e-02
2.763907580989878945e-02
3.129007167877138201e-02
4.238933086581209153e-02
3.446400609630708572e-02
4.748411565464091821e-02
4.679201709704332302e-02
2.679537383037657386e-02
3.044103293179518596e-02
2.508276517958575244e-02
4.102592846254734388e-02
4.488427040433395909e-02
7.022275323799750946e-02
3.223530323703224093e-02
2.542997742552081594e-02
4.069609632790258114e-02
2.828622873813306168e-02
2.622120598241926143e-02
2.259995019301907354e-02
3.048230470117636523e-02
2.716881940196987782e-02
2.610862212543194755e-02
3.509060156459392621e-02
3.575752260304537050e-02
1.997995905869316344e-02
4.413961546073513070e-02
3.466077256550294250e-02
4.200653565558824798e-02
3.431793255114898994e-02
2.208104411660977845e-02
3.446224094558656553e-02
2.501662985435737507e-02
3.065503403908702990e-02
4.328702459265259400e-02
2.080985359045027863e-02
4.249032870528166028e-02
2.530662011017016655e-02
2.990994245158235323e-02
3.130706265720387821e-02
2.403257972901652953e-02
4.447473570097903312e-02
2.483343623038424333e-02
2.037457490175103095e-02
2.183433148099211962e-02
1.947108049260279361e-02
2.116849656585948619e-02
2.179902019992172729e-02
5.337101717609220308e-02
2.290607298499557076e-02
2.409864362400320967e-02
2.732535479839912421e-02
2.477882887278052074e-02
1.996618146964092982e-02
3.906609459170379967e-02
2.072619662201865762e-02
2.706341382294161560e-02
3.386204855851412260e-02
2.177228859124186525e-02
2.259619234228007686e-02
2.781341825010529359e-02
4.038664686733194759e-02
4.353292079080973292e-02
2.968390334681711776e-02
2.872208956359867393e-02
2.472131474581808902e-02
2.484345600524334730e-02
2.023250996013253866e-02
3.604781704300741296e-02
1.451288855797734124e-02
3.381778075230743724e-02
3.071625589725524713e-02
2.429287156423947172e-02
2.210569045049744913e-02
3.012355360366948676e-02
2.358661077037277690e-02
1.887518484752001222e-02
1.451113588946330475e-02
2.342049429296366378e-02
1.939290630697611262e-02
2.129052928186209170e-02
3.804250393199660324e-02
3.813149163357908156e-02
3.346004606905537276e-02
1.996090441269192731e-02
2.259952359965418031e-02
2.367258734136450105e-02
2.074964388140804888e-02
2.420774874287243486e-02
4.690616250429844453e-02
3.581393358611720257e-02
2.076462022437009641e-02
2.292453340010687513e-02
2.761216049424774013e-02
2.274985141497724156e-02
3.727010674662008249e-02
4.807613846214932318e-02
4.858406486698933074e-02
2.602904338516400309e-02
2.259529408299774597e-02
3.315346202649731289e-02
2.406618400151687431e-02
2.403570779343095279e-02
2.268694804781479918e-02
5.947035467411355969e-03
6.328431120729971840e-03
2.346005161094967539e-02
2.117166659304300230e-02
3.322522027372145498e-02
3.491805243770476630e-02
4.337396240777657841e-02
3.171596718117309505e-02
3.092821198894852089e-02
2.341883343792624736e-02
2.420001540066685913e-02
3.148035739710215719e-02
2.761974811414354483e-02
3.484677375575298552e-02
2.424256613922945794e-02
2.185306723578409743e-02
2.469436240111723066e-02
3.044216086603903845e-02
3.074524442974257976e-02
3.881132956973099707e-02
2.283264507359377554e-02
2.514676546351337499e-02
2.833917026759513735e-02
3.352628268263289912e-02
2.770908401290234427e-02
4.513868983600152762e-02
4.924145971955002504e-02
2.586668116846541424e-02
2.818146359958773051e-02
2.405220298020040171e-02
2.577445068157868321e-02
2.305264947845021145e-02
3.941160734340680427e-02
5.067470644816508135e-02
2.309747915970744234e-02
2.080439946203029369e-02
2.888948703794904163e-02
2.734708207911940026e-02
3.938486821082844147e-02
4.336515187067321864e-02
3.807577243249664345e-02
2.662024094973032204e-02
9.915236860642347334e-04
9.895976977101800416e-04
2.489299846107793576e-02
3.053607852944184575e-02
3.407398916975480641e-02
3.377827079595081133e-02
2.585603672990906959e-02
2.104603038432837844e-02
2.325806419917931731e-02
4.286069093230431698e-02
3.293014709379808030e-02
2.890748531961467860e-02
2.294610523544794375e-02
2.326711534450671623e-02
2.594765909035946436e-02
2.480025667382474916e-02
4.026029201092705401e-02
4.073982548236337875e-02
2.327138947195588753e-02
4.062038552116231660e-02
2.844271730495046349e-02
2.455776640302593378e-02
2.789621347205509597e-02
2.514191804799642202e-02
3.735401347546488116e-02
3.092082829046275197e-02
3.004809964785902163e-02
4.202980705819528429e-02
3.480321242285090710e-02
3.968802318218219577e-02
4.520877286723813671e-02
4.562800761997848342e-02
2.587849503332826512e-02
2.290750186161756574e-02
1.590061226626453966e-02
1.700200047637533823e-02
2.574366578006607661e-02
1.423992268904939948e-02
2.282936539376315827e-02
2.829203487789893126e-02
2.069626722548743511e-02
2.920040316880754411e-02
4.043955812468602584e-02
1.916299694129846090e-02
1.625415039835867437e-02
1.599942638145694651e-02
3.369695267786860376e-02
4.024916397196508927e-02
2.623662097447526653e-02
1.706471754770608890e-02
2.542346654961427990e-02
1.255836411360975770e-02
3.350903327636473722e-02
6.417334192747201072e-02
4.150882236857628138e-02
2.332597703416049509e-02
2.310955796911798657e-02
2.051806436168027159e-02
2.234819894280526062e-02
2.013610238086774307e-02
3.596054652091189990e-02
3.402016320572342351e-02
2.736234853025730149e-02
3.125981909953694932e-02
3.649865787773017012e-02
2.919580423554279935e-02
2.875892316346479599e-02
3.792865413240537747e-02
4.439742508871934862e-02
3.620247692821603608e-02
2.189846937364651677e-02
1.733772660564776927e-02
2.621670175538923925e-02
2.549951375389343869e-02
3.003502945892712328e-02
1.332125740341057359e-02
1.282744830133673505e-02
2.642841236072729361e-02
1.504302124712372617e-02
2.681845014973718161e-02
2.538470549589563058e-02
1.330697770769627766e-02
3.793640016280392518e-02
2.667037193763274056e-02
2.715100711510459383e-02
1.866146496536360763e-02
2.807544048632606981e-02
3.800266397413134406e-02
3.804774881834405154e-02
3.625752335750676708e-02
2.081977450312430533e-02
2.669457158904024741e-02
2.511794701156116333e-02
2.267584748844676465e-02
2.434587217425989922e-02
4.661773437548165366e-02
4.845197495979646635e-02
2.220840014853948247e-02
3.058183981639123541e-02
2.181883231953174115e-02
2.187946016456341139e-02
3.986220777517624630e-02
3.540427603415179786e-02
3.514159786357808762e-02
2.459900058256683439e-02
2.201807600996821129e-02
1.023450958960121088e-02
2.521949900881396631e-02
1.077631884064850047e-02
2.881823307917706981e-02
2.584485635480084781e-02
1.934390737454821929e-02
3.482740582903532528e-02
2.426803442800846630e-02
2.909176723265589556e-02
4.157560061298041371e-02
3.208796463203707205e-02
2.363058486261501029e-02
2.180452183194443033e-02
2.395111026194071333e-02
2.145142143050855418e-02
2.683056204022503388e-02
3.250617448213040384e-02
3.879999638110276372e-02
1.906733104210533991e-02
1.703450496427304922e-02
2.290871077149787133e-02
2.571596369943021307e-02
2.865041031767126198e-02
3.553521294803111547e-02
4.783133911213226230e-02
2.496406646199714544e-02
1.373102711944846135e-02
9.721939526141067101e-03
2.119946003386363048e-02
3.095595698274983959e-02
2.923864510489745938e-02
3.823733896837197554e-02
2.347633872339561015e-02
2.094607204074820303e-02
2.206465274450010450e-02
2.491779827940897654e-02
1.811284643184861431e-02
3.537645681333068809e-02
3.788259828395035278e-02
2.563906691627727830e-02
2.977590937912451621e-02
1.793793284683107073e-02
2.254717851813019258e-02
2.773641728451168437e-02
3.456274362358650182e-02
3.009879948535924832e-02
2.220782183556352374e-02
2.750892295994885467e-02
2.128430493050456618e-02
1.921532974144770159e-02
2.975232979425677243e-02
4.300824271950016292e-02
4.615945638348627894e-02
3.076225124274241732e-02
2.318803449135338826e-02
2.393912146779983083e-02
1.927732045892683807e-02
2.807858611853234626e-02
2.667705749339467289e-02
2.735941069006303863e-02
2.589339053188000062e-02
2.604439732605101643e-02
2.709209251556396122e-02
2.208395258352748025e-02
2.155137425409807406e-02
2.911329561873410993e-02
2.990159766779413447e-02
2.084480551152920538e-02
2.172775708441944745e-02
2.023783851512908280e-02
2.940826196977546630e-02
3.011963529048289692e-02
6.639571652053556650e-02
5.115523717523545039e-02
2.161656173161868866e-02
2.004790158462975772e-02
3.143725534348781186e-02
4.154433748700631091e-02
1.956990614665611930e-02
2.974031387530366374e-02
4.091667068676334978e-02
2.245544064401353707e-02
1.994400921270787080e-02
2.524021763152576106e-02
2.345907337785023417e-02
2.953691393824767197e-02
3.616221379977029027e-02
4.073517880517057294e-02
2.530612037657078983e-02
2.651811960707379026e-02
2.119512376216463670e-02
2.181078677536715457e-02
2.694961318184671203e-02
3.962569963566505565e-02
3.063227283065167103e-02
2.640714538360115771e-02
2.773695156883272672e-02
2.604025284481115837e-02
3.347974045433813051e-02
2.983437458311040749e-02
3.718648028575372022e-02
3.380709560475007175e-02
3.347772603584520806e-02
4.497439129490828774e-02
2.321367258124902924e-02
4.279718317946486911e-02
4.633256768493842354e-02
3.396254497655290527e-02
4.341387566670071307e-02
2.027582228620713393e-04
1.704811374684258099e-02
3.720106967758058519e-02
2.608587254862665405e-02
4.871936772953257971e-02
3.812192324526907095e-02
6.255721419330978472e-02
3.254971418493023128e-02
9.939337309817784794e-02
3.260909634504424726e-02
2.049246996628181425e-02
9.931494297499443569e-02
6.298876615094893550e-02
4.821606659403048639e-02
2.023127120424998151e-04
1.747026281026294731e-02
2.191335375094439694e-02
2.599682019323816540e-02
3.569418398501231909e-02
2.599460012063029707e-02
2.345572852833890595e-02
3.275718320770130282e-02
2.045040818959148812e-02
2.946494095900963409e-02
4.514983568133714570e-02
3.028782991797690505e-02
1.730030264877677193e-02
3.577838122405401639e-02
3.899999439894725334e-02
3.717859031967144651e-02
4.475493009309056136e-02
3.016647577257318413e-02
2.354664085538120746e-02
2.483724265894618477e-02
2.483760503860452107e-02
2.625837880518857442e-02
2.108047016955176198e-02
4.341322577750649642e-02
4.611379927206183532e-02
2.549309613837430141e-02
2.674974884045972293e-02
2.141057452892661944e-02
2.019527258119465513e-02
1.957630523236543810e-02
2.627677323994847061e-02
2.198427241147815625e-02
2.463428854445766022e-02
2.816520210791393850e-02
2.135708334370615274e-02
1.992995443109742484e-02
2.110347002350600534e-02
1.816773582200045117e-02
1.891361711962470313e-02
2.566306327592244099e-02
2.533101173568075293e-02
2.207168637020630667e-02
2.413750415095225477e-02
2.453501858397637986e-02
4.539745894679305532e-02
3.947511850851272153e-02
2.104682556040632369e-02
2.219351836885544854e-02
2.049480103601193301e-02
2.137376188322025541e-02
2.730200800408227185e-02
3.610485224134440257e-02
3.411132249302976926e-02
2.156002051956322843e-02
2.685571309163068202e-02
2.290752332873597849e-02
2.908204876436477557e-02
2.982290884300847766e-02
4.355602057917832420e-02
4.430338116975537227e-02
2.512493192678219231e-02
1.832254808446994593e-02
2.326211236431570406e-02
2.675897003201463051e-02
1.860604987687426021e-02
4.160888448503653053e-02
3.369974162216676783e-02
3.374985681082273009e-02
3.214849525421693832e-02
2.159988919578478134e-02
2.430983328776331956e-02
2.837531636470488894e-02
4.036009560854721123e-02
3.178768216729303819e-02
2.169560629118355913e-02
2.372894489329571699e-02
2.157546799888278993e-02
2.655526204128700815e-02
2.552247523776450186e-02
2.861576802009461323e-02
2.550450982337652828e-02
2.294426448520934386e-02
3.226881497248276082e-02
2.069919993158397462e-02
1.755315179981234083e-02
3.992343302882546408e-02
1.244771964901475632e-02
1.186271251926568522e-02
2.414898759743044215e-02
3.041353253364109666e-02
2.542624273468491528e-02
3.807339105666249224e-02
3.266690168321254029e-02
2.615681206815562501e-02
2.470188539622969470e-02
2.059310738334293317e-02
8.567022764719179131e-03
9.140923378391490467e-03
4.521251835866905988e-02
3.458729571022853971e-02
2.193146003842180031e-02
1.917319805313352082e-02
2.271145383623091735e-02
1.987502550186185865e-02
2.012320848135561516e-02
2.459256705484599501e-02
2.413780467984202177e-02
2.148607855707477393e-02
2.058923708393943161e-02
2.318719069877916289e-02
2.306886063291966812e-02
2.149383993622998312e-02
3.247541590826627522e-02
3.232351295244018097e-02
1.329888852117928032e-02
1.430072015434428676e-02
2.731977707048277235e-02
2.430361069830242263e-02
1.997226991883239294e-02
3.879392255235190878e-02
6.932917896605281238e-02
2.543145030866082040e-02
2.535152479347648619e-02
1.705306583079441857e-02
2.535490427024360630e-02
3.875686907242123502e-02
4.558582217246184842e-02
1.962046375217660690e-02
1.940055484372693942e-02
2.280447976923592485e-03
2.235565628199400173e-03
2.206317279802836803e-02
3.282139521981994323e-02
3.044471267426745661e-02
3.897912495245785952e-02
2.106997255327550111e-02
2.025074733720276174e-02
2.244982949655130455e-02
2.782091149600978211e-02
2.755821132600524276e-02
3.040484300810074314e-02
1.753371114788885091e-02
1.572980276060196442e-02
1.539102929984218458e-02
2.353647728858772672e-02
2.331458332638762510e-02
3.016102449831905077e-02
2.301389546047931389e-02
2.028629309515867993e-02
1.931308003429016429e-02
1.875378937255728698e-02
2.011875213398164539e-02
2.300403983331002905e-02
2.852972437294256508e-02
3.777885801849606429e-02
1.964044555323867305e-02
1.689127194745258451e-02
2.070084836730402833e-02
2.341108801109392790e-02
3.689205264593128919e-02
4.429848601921380913e-02
2.296710760756572392e-02
2.604449631540653107e-02
2.344655051717205174e-02
2.187650593734694407e-02
2.472583982349315507e-02
5.260942005325696530e-02
3.385722198243595188e-02
2.584586349874670730e-02
2.012362652750347702e-02
3.755462991278548496e-04
3.742467194381284370e-04
2.436207260678103712e-02
3.710546909484307987e-02
1.854980980246589625e-02
2.498203835879609161e-02
1.962057569345951671e-02
2.136775203148427726e-02
2.051559577689529568e-02
3.137659489961607678e-02
3.467333560382399038e-02
1.830405087361208424e-02
2.018732252104852784e-02
2.307660311160578473e-02
1.878853829875377565e-02
2.457140715126555561e-02
2.959868813475178759e-02
2.306194928293914259e-02
2.644153361382873407e-02
1.869539065146430534e-02
1.764090909914564284e-02
2.206211534885358511e-02
2.795073145626970207e-02
2.022638008866908463e-02
1.173148365093937620e-02
1.733801977671217687e-02
1.887796900319219442e-02
1.659132349211149549e-02
1.941000486875517350e-02
3.014581071819167832e-02
1.591943182358012895e-02
2.233084492860260353e-02
3.698038866632113683e-04
3.685052621388044611e-04
2.062853045744235045e-02
2.896791787307847338e-02
2.719861059727192790e-02
1.673483586196398629e-02
1.314618580953580591e-02
1.826715065655920567e-02
2.439757950667394149e-02
2.052938161813521595e-02
3.253944388788787556e-02
4.110397165359733901e-02
2.122610302657245568e-02
1.754742093366767550e-02
1.895035513211353051e-02
1.690912245945251288e-02
1.947698218797356759e-02
1.375611301027857697e-04
1.375220961335390927e-04
3.213586856444274054e-04
3.184405091007901372e-04
2.132434606131097810e-02
2.295412042270064679e-02
2.201403386088682940e-02
4.891365139738641094e-02
3.418737043663544473e-02
3.256851012740466511e-02
1.672951149700710807e-02
2.103829844089353737e-02
1.729817002144904553e-02
1.777006469030708788e-02
2.591592406497467832e-02
2.910700450520339183e-02
1.647711549676492832e-02
2.182352790019470579e-02
2.012394064509297892e-02
1.362052424256445828e-02
1.438249681811775912e-02
4.838727731324241055e-02
3.080653551323549524e-02
1.505300522423568682e-02
1.756770009607849792e-02
2.068492138947530465e-02
1.901271536320025407e-02
1.948984314360066930e-02
3.809274555479606056e-02
3.216344200776495577e-02
1.683744610552524723e-02
1.573323684038314615e-02
1.611489883719153735e-02
2.266282189630609151e-02
1.830676285107893028e-02
3.442835437364114709e-02
3.344943106220094747e-02
2.097728247755396153e-02
2.675469751374795480e-02
2.059204480282548350e-02
1.772602249128318180e-02
1.979061720052221682e-02
3.712051543191146469e-02
3.724385362889872514e-02
1.299996559298987990e-02
8.017245563684695375e-03
1.849196682791097099e-02
2.186303265311587141e-02
1.490015378024390699e-02
6.011457998095279601e-03
2.188946492441448330e-02
1.784596866409851948e-02
8.590085395881489824e-03
6.563714019562722109e-03
1.343975279030545401e-02
3.424886739788718490e-04
8.686344721504346209e-03
3.317342079157551207e-04
2.222225176273156589e-04
2.222778468469621292e-04
2.787350831811044594e-02
2.246504961942023815e-02
2.021393724687758908e-02
1.120056245535604005e-02
1.129605026997764633e-02
2.731066230691874680e-02
3.825472666727373298e-03
2.554043418341157834e-02
2.380248302567756005e-02
1.391587179341335413e-04
1.011750386301623564e-03
2.348724516413779051e-02
2.847376211546613980e-02
8.518414161566915943e-02
1.271932651170053566e-03
2.017296711961625438e-02
1.807149997520909532e-02
1.705368636135669302e-02
1.725699220978088935e-02
2.660737971014454431e-02
1.463266152500026021e-02
1.308471996471340625e-02
2.184945818772484824e-02
3.172630356644035726e-02
2.544401408016519830e-02
1.279068725458750756e-02
5.478878551832470217e-02
2.273796744107457746e-02
6.076718946516614789e-02
1.342658253753726584e-02
1.866079215428365773e-02
1.962219128747308763e-02
1.461470242824782807e-02
5.199621466567451314e-04
2.639243246234318301e-04
