1.025563188586874896e-01
7.548500309201007508e-02
7.320095308759304309e-02
1.118954824674617821e-01
1.611775359779625827e-01
5.908485497271845355e-02
5.136288335065482963e-02
1.063604345123268097e-01
1.185058113654484518e-01
9.130883103597650652e-02
8.277350967344858368e-02
1.428545790644258628e-01
8.473632872134780059e-02
9.329262865901823132e-02
2.445879903117902932e-01
3.934029989349769330e-01
1.128803890353034106e-01
8.640490580016702005e-02
9.980053024813449747e-02
8.283989383517605110e-02
6.236589952886811145e-02
1.109846499808769399e-01
6.421713533453614342e-02
7.002235988102928355e-02
9.848349441490579503e-02
4.792751877697694340e-02
6.031510440017850277e-02
1.048565143615491357e-01
1.771256651551358641e-01
9.791175694016647502e-02
4.274768602497756170e-02
5.151449955480717074e-02
5.682139955737985221e-02
1.078646242927480264e-01
1.136007527013349477e-01
9.181934883571347961e-02
9.047355477974187987e-02
1.718235381180715504e-01
1.862802798595813436e-01
3.934029989349769330e-01
2.376253564715083422e-01
6.656362864191514572e-02
5.796253911600989656e-02
7.078316076950710856e-02
8.632874584958798170e-02
4.751002612613475923e-02
4.497638095884969739e-02
6.661360290203556522e-02
6.935373261973434844e-02
7.143485204511411391e-02
7.356614559530602615e-02
7.750549808663027840e-02
1.382314961486738603e-01
9.225974501481080947e-02
8.711853808701168489e-02
8.195514022776571872e-02
9.173543027829893226e-02
8.012878431338422980e-02
1.062245937579806426e-01
7.868580847004616463e-02
9.812940545804497983e-02
9.762154432576861107e-02
9.055872810007639662e-02
6.475510940672750404e-02
6.399229337020320707e-02
6.734180772456113684e-02
5.745926450590830431e-02
1.595983170862206868e-01
6.582882086100722008e-02
1.030501146782245858e-01
1.139011531967673435e-01
6.753321290012791189e-02
8.289515059029119171e-02
1.414010685992202754e-01
8.673953582933381645e-02
6.412918093459926694e-02
6.337149389941630628e-02
1.014761265724343081e-01
1.662499722266120583e-01
1.854525866592567906e-01
1.662783281635827615e-01
1.242831317350364534e-01
5.887278445184372655e-02
6.145104872795489198e-02
5.597899860612600559e-02
8.461380423761936942e-02
2.053731248477990157e-01
3.018518004695297519e-01
1.447140843952980926e-01
1.070767368707060130e-01
9.316196296903966889e-02
6.305250095766203045e-02
7.417382320030450893e-02
6.885872931181236112e-02
1.037782509867034297e-01
1.401745114031143491e-01
1.225341745724485426e-01
7.597837536449690565e-02
7.266909287999152867e-02
8.027181638744856906e-02
1.047545009915263614e-01
1.364895450572754798e-01
1.565556641203396659e-01
1.523989534566098647e-01
1.053708422436705622e-01
5.747803046867964311e-02
9.251925483315291687e-02
8.537751455373066012e-02
6.768894048749379833e-02
9.278067459776298542e-02
6.552395822559230198e-02
5.425748443919237163e-02
5.420960243913395399e-02
1.463572057234956980e-01
1.018847485890218008e-01
4.907159544281823604e-02
5.536058880806747629e-02
5.751785678162082277e-02
5.641606087652051987e-02
8.184387226903536150e-02
6.935053737525705142e-02
7.512637430996850496e-02
7.308983930892816450e-02
9.769258322916611614e-02
7.261905638558203979e-02
7.924164345684159283e-02
7.300112129369767944e-02
6.987397359919132744e-02
6.044541730664176188e-02
7.815257200326461429e-02
7.412558015924682053e-02
6.638565496168649660e-02
5.903866839016733842e-02
5.938124329186280498e-02
4.974040867131697408e-02
5.910426801265738356e-02
6.303641577573687593e-02
6.507401752125936689e-02
8.139150496923910905e-02
5.653524048845680328e-02
4.849873052693984277e-02
4.890894385111568127e-02
6.893422638479435038e-02
7.188231667233885291e-02
4.867951312093538041e-02
4.613493139051576958e-02
6.376888177490651344e-02
5.776359234618419491e-02
5.362385172018235141e-02
5.088749049703147204e-02
3.678023081844213754e-02
3.615957210910766134e-02
5.091836271061109948e-02
5.762501312848434393e-02
4.402039506529060314e-02
4.416435575365879745e-02
5.205839328781572406e-02
4.673699143438361098e-02
4.591185559093470536e-02
5.176921555906879857e-02
5.428992553190862408e-02
5.461466284157228540e-02
5.517486375793802938e-02
4.979475088510801339e-02
4.973296642639229992e-02
4.320445805989712312e-02
5.758594814327338413e-02
1.491822366036393566e-01
3.664596395142107055e-02
4.630191787302059131e-02
3.497215938745462660e-02
4.532799265671137723e-02
4.164620449692523624e-02
4.450598441711751951e-02
3.018518004695296963e-01
4.951377397207395309e-02
4.473765982465895130e-02
3.160936052418567010e-02
3.493551637936420651e-02
5.250445059937359354e-02
6.909375428458010282e-02
1.973398253772602196e-01
6.740680832242884613e-02
3.593034329618424033e-02
5.068679874927286416e-02
4.334734107708810430e-02
4.117802622897581005e-02
6.608313466226020672e-02
3.170846645976110878e-02
3.612076706181829855e-02
3.440975445137742228e-02
3.446775210470900963e-02
4.926987359804846367e-02
4.356448496205541504e-02
2.680277212353349495e-02
3.094029801315397246e-02
3.249814674614274340e-02
2.320769847391291815e-02
3.513932897375582343e-02
5.529655144018078700e-02
1.707748316468362670e-01
3.871301793955810727e-02
4.081873437158441836e-02
4.276979419709284885e-02
3.678473638816667085e-02
3.638425229665502580e-02
3.817900858552388671e-02
3.841977919974483291e-02
4.094747348493349426e-02
6.078577765747639194e-02
5.298032640376183072e-02
6.237358009686987809e-02
2.442860224660662050e-01
4.772002624747966743e-02
4.981133044092748985e-02
4.388995054199806151e-02
4.242522622062213505e-02
3.224126476254406820e-02
5.028986694777966976e-02
4.318827154664521550e-02
5.036104723409504103e-02
4.499908270636213126e-02
4.081180804455154104e-02
3.820875649788735978e-02
3.850762754486659889e-02
3.986138464648664170e-02
4.135935999204246732e-02
4.470589782666287842e-02
4.011583282351013913e-02
3.332959476221201978e-02
5.135730461262107832e-02
1.120108180612861826e-01
3.825904798404070051e-02
3.617971943669724688e-02
3.538828943439604330e-02
4.278449712655401499e-02
3.968899357906413572e-02
4.076416543141018339e-02
5.220690183612612667e-02
4.131127359261184406e-02
3.150419846943152552e-02
3.855937443788509666e-02
4.719507828377973030e-02
3.442635158728635930e-02
2.204126442841859157e-01
3.228025656926760550e-02
3.303662697411265114e-02
3.338035198592140262e-02
4.485195530769690853e-02
2.601498005974718294e-02
2.579128241143759451e-02
8.389951482973651009e-02
2.958515844400053107e-02
2.938642909172892864e-02
3.777981857646158653e-02
4.382443026466587704e-02
3.434833566532109056e-02
3.835042829458415459e-02
2.448672558670205723e-01
3.192015573414346691e-02
3.244639320543129396e-02
3.695210633846987558e-02
3.186197348516093403e-02
3.870376883356058118e-02
3.561021541128954471e-02
2.896732321744406591e-02
2.760080082153741621e-02
2.884593430822951499e-02
3.837862672188634833e-02
3.672978446197901203e-02
5.930152641278654824e-02
7.057009482544693291e-02
3.673801628001820835e-02
3.581182456550002779e-02
3.489220445128539405e-02
5.423358993439125059e-02
2.237854916042853193e-01
2.243232889988834855e-01
3.220015742733428610e-02
2.606281535985755307e-02
3.424983580596477339e-02
3.460506642734650917e-02
4.688788110215678234e-02
3.361864671081563755e-02
1.112774386405058352e-01
3.414629562462608015e-02
3.265156648422733177e-02
4.078671881375064284e-02
3.091990776489409246e-02
3.819959458713333145e-02
3.171815867116446058e-02
1.844015830883891094e-01
3.451970418707307059e-02
2.575910746251416222e-02
2.699578101145885811e-02
2.431331890285474279e-02
3.562785817874158240e-02
5.217957131113096225e-02
1.022000507132171943e-01
4.544535597677198252e-02
3.194755773614223887e-02
3.626951626269744877e-02
3.078677631538727713e-02
4.376357891147227702e-02
8.096972853870762488e-02
1.000000000000000000e+00
5.237480295005330078e-01
1.082718178276465687e-01
4.949268807430835110e-02
3.898284324413667234e-02
5.060734654361998680e-02
8.044739242722917516e-02
3.000457375677913485e-01
1.998849803259971081e-01
3.577667845944951935e-02
3.620165336955707969e-02
4.485179273440906972e-02
4.102458456604640008e-02
4.040645995287352188e-02
1.622030274980298670e-01
4.805064240169213546e-02
3.912769714372342500e-02
4.345031496321966058e-02
3.339843812768309578e-02
3.672620309586688975e-02
5.007932058083837401e-02
8.860332873985778124e-02
6.826099673230758003e-02
3.366442922346180033e-02
3.066330356050214409e-02
3.333269236405489444e-02
4.169787378488617330e-02
4.058706513774378716e-02
1.580481438919389969e-01
3.026421123204438984e-02
2.411897633016357387e-02
3.187676444155424643e-02
4.124834256967201823e-02
3.821567656194419654e-02
5.007259124006176870e-02
3.421844523816033878e-02
2.633647339750817135e-02
4.091668814539681232e-02
3.101460116675171241e-02
3.452953004915279567e-02
5.255565440798932314e-02
9.886039656707483469e-02
3.978799150067070106e-02
2.540282550650423826e-02
3.067926703125517865e-02
4.729192138649062488e-02
3.475542989359303725e-02
3.897032939716078143e-02
6.342595652519578131e-02
3.652381597213349984e-02
4.775137850082669666e-02
4.122294523528131222e-02
3.794712104545153175e-02
3.170156194941713829e-02
4.690479353534850182e-02
1.363972677178800219e-01
3.213629576894420220e-02
5.036984088726093739e-02
3.991992987740657084e-02
3.448169230825662984e-02
2.733272149007656693e-02
3.987571403766793088e-02
3.234288528208455193e-02
3.239261094072665159e-02
3.840189966425922724e-02
3.728754027588319225e-02
4.122385108574531942e-02
8.408255936916390894e-02
3.429397822552330416e-02
4.465240627985478383e-02
4.084125988690004427e-02
3.511655876247733038e-02
3.002750119606747287e-02
3.943075215161996605e-02
1.791842080041960439e-01
2.380748834198995537e-02
3.569608264138766224e-02
4.754443116874518260e-02
2.735524093272738780e-02
4.072132663005134656e-02
6.086959861287130624e-02
1.877149321419731010e-01
2.656583694193382153e-02
3.198779638972416850e-02
2.689801918941589487e-02
3.975934115345542558e-02
3.767672602609872107e-02
3.335700766471519363e-02
1.855849315605204997e-01
3.104096648471096551e-02
3.168324734541669296e-02
3.511699796606100599e-02
3.311091620575868505e-02
2.614285815476518129e-02
2.513727560941302411e-02
3.009690522665016132e-01
3.137248910066144092e-02
2.879750663707097633e-02
3.318616726821090046e-02
2.405637558019814437e-02
3.191328704552741369e-02
4.168133133715593713e-02
1.403947863494452442e-01
2.020648167085874192e-02
2.636462372232235493e-02
4.012051321011088356e-02
3.517069134978609984e-02
2.855057171982098782e-02
4.435873134274614937e-02
3.831315322667837309e-02
4.438894473433559196e-02
3.241512610502153557e-02
2.895588601510751953e-02
3.249512916613084279e-02
3.272631534249572510e-02
2.386125678057800237e-01
2.854237454071187688e-02
2.039486885737311350e-02
2.268782524978624551e-02
2.384486457421629638e-02
2.498809533660099544e-02
2.790668785349226591e-02
1.851862593098838050e-02
2.307107896327828533e-02
2.031949942182107241e-02
2.525040190340062038e-02
3.235953332281006622e-02
3.464696592993832952e-02
1.343594091755440645e-01
2.431866120896452460e-02
2.260638428051382418e-02
3.894198876690994904e-02
2.718017618302368335e-02
2.650970508663789971e-02
2.667270205648746006e-02
3.750399742485495125e-01
3.221567280834445463e-02
4.242553128822183772e-02
3.249012596482209886e-02
2.659284002893391036e-02
3.106087891390708552e-02
3.666524808065029645e-02
1.376482876499086905e-02
1.265478054886442702e-02
3.035536580908580750e-02
2.266820035717791865e-02
3.710948879379324938e-02
3.009690522665016132e-01
2.174234640991033751e-02
2.270101931361121969e-02
2.587558811395496844e-02
2.845272739672424431e-02
2.751972020040079417e-02
3.934029989349769330e-01
2.387773181523906649e-02
2.652728411919201904e-02
2.382521201745249617e-02
2.513940959280682591e-02
3.073666871545588028e-02
4.899821637950836639e-02
4.422465309589869442e-02
3.083182872812594358e-02
3.480178234652926694e-02
4.188590197212159472e-02
6.227518917970904094e-02
6.128455214586948224e-02
2.777667215585275517e-01
3.968622195198674013e-02
3.340210271221099453e-02
3.073361069094330753e-02
3.230987017760325597e-02
4.340153141167412548e-02
6.295971594568722240e-02
2.727794616577411957e-01
4.241179409507058601e-02
3.108607394235644167e-02
3.465971744615245487e-02
3.898619829452304453e-02
6.331377549276348549e-02
8.106615649452224293e-02
4.188145924137805926e-02
4.405515324047397374e-02
4.754110911783094445e-02
6.877971595808997363e-02
5.918413872009708337e-02
1.722794768794035647e-01
1.038796804812215230e-01
5.549386359053958689e-02
4.037131536473458071e-02
4.318622079134600000e-02
3.938642205923880563e-02
5.273278337903621743e-02
4.120845796008301698e-02
3.550277294659728855e-02
2.311406280279834635e-02
2.297846771007800923e-02
3.088661515016228806e-02
4.977376159637598996e-02
1.000000000000000000e+00
6.423253137443127314e-02
5.224896374789074482e-02
3.850668691778977998e-02
4.626874413531788244e-02
3.269548124695682151e-02
4.463907434866525026e-02
1.558563934154256203e-01
1.807017411261851308e-02
2.456625139723038129e-02
3.368765046921175232e-02
2.638242766752001145e-02
5.103092606168707634e-02
3.414112710282553309e-02
3.092125880657582357e-02
2.814998827584077115e-02
2.765021199246186709e-02
3.431745696945238955e-02
3.823492729209795882e-02
3.386563992617926122e-02
3.455551664197359374e-02
2.445162552428819733e-02
2.422706441037360270e-02
4.767652856881047368e-02
4.428664791344644885e-02
6.644800051381713479e-02
3.072932153809047051e-01
4.468342983743418817e-02
2.794005100988887838e-02
4.340929806030345561e-02
2.191361562067987642e-02
2.235328151670254448e-02
4.425727564007096715e-02
6.032743001340368921e-02
3.915859486570062720e-02
2.512130880899037660e-02
2.727568715160474250e-02
2.573439482201699338e-02
2.954209893671595061e-02
4.442869401280895997e-02
3.093005562865244196e-01
4.084589280053493865e-02
3.940699083129795693e-02
2.915887660495527361e-02
2.994680377464516152e-02
4.241759899959515745e-02
9.002281161317405855e-01
2.296472634409404620e-02
2.692020136058006358e-02
2.549512125140645721e-02
3.108128575809935082e-02
2.853635038850030337e-02
2.639858941773274431e-02
1.324615616877793112e-01
1.948628326083308784e-02
2.813844483929713036e-02
3.377586420544797380e-02
2.351566282464302715e-02
1.909828852117533005e-02
3.763151012474919010e-02
3.449284938486801150e-02
1.976119142944970930e-02
1.836632184643225904e-02
2.430992588825604470e-02
1.691778158485599676e-02
2.054817212564231596e-02
1.878509028568898787e-01
2.604009270158317083e-02
2.946474202225683736e-02
2.626836368360202165e-02
2.353576854963080126e-02
1.866802106505212333e-02
1.530261128252239332e-02
1.391278819633958164e-01
1.688185061887141625e-02
3.021535622682131397e-02
2.878299504023599034e-02
2.248793300538549922e-02
2.254996326444419150e-02
1.925064686476671630e-02
1.405326630628439266e-01
1.891842175090787184e-02
3.326779063628209493e-02
3.416601933619059506e-02
2.240941840008134692e-02
3.750883038123075525e-02
3.280220448003853817e-02
8.064593438629785727e-02
1.372237931325703819e-02
2.164099396957564272e-02
2.158696924679532128e-02
2.388502001241627273e-02
1.992375427455449557e-02
1.583076059380661774e-02
6.231854123333664675e-02
1.884203810543113797e-02
2.161837114553703462e-02
2.342524843642602994e-02
3.292549111448809379e-02
2.086111348231991375e-02
2.204439980567241691e-02
2.365821314626438965e-01
1.947738928579567652e-02
2.772448147517439856e-02
2.180440252416518052e-02
2.181903275496270903e-02
2.367985724514871243e-02
3.858995044184634210e-02
2.909223130583754036e-01
1.633716430142302667e-02
2.404942439710743007e-02
2.594377861465787735e-02
2.315678228104993755e-02
3.071405575792707232e-02
1.619008549119328386e-02
1.241407087308400575e-01
1.679129076562660070e-02
2.698722584074217737e-02
2.515291235254345920e-02
2.434441790768666902e-02
9.889103128745364846e-02
8.570752160097426520e-02
9.525673213636594305e-02
2.033217349681133712e-02
2.157446786459382704e-02
2.789242016250697079e-02
2.672313869420276863e-02
2.404318047330177358e-02
3.532381116906001262e-02
1.241639464071226384e-01
2.286780961651911290e-02
3.009094078094048594e-02
2.704535661181995190e-02
2.560317442329086701e-02
2.726130298347403252e-02
4.704682897518893542e-02
3.733547995365067984e-01
2.798935257275068575e-02
2.162257640555086471e-02
4.025522420483639702e-02
2.360023425147806525e-02
2.389457852102990290e-02
5.382679870755186641e-02
3.934029989349769330e-01
5.964368882654144666e-02
5.580579188131707530e-02
3.446090060029680102e-02
3.558712944242659049e-02
5.231107990920718515e-02
1.118572608197150181e-01
1.994975096225308220e-01
8.795470353618789483e-02
3.064234994511387186e-02
2.935495090139591048e-02
4.606042520255431566e-02
4.044317176758107507e-02
3.842572089298458560e-02
3.212956439922886459e-02
3.046698666789500465e-02
4.570323020005245818e-02
4.990888104912594159e-02
2.240121062057406631e-01
4.223924183649022113e-02
3.190978070163429103e-02
2.871036376211094990e-02
3.264392152815436682e-02
3.287835510181336823e-02
3.548683090154527986e-02
8.325026573714655598e-02
4.330866369565403856e-02
3.392147418399923953e-02
3.456730728024826060e-02
3.754371086214162295e-02
3.858085240650830500e-02
3.029669712572555934e-02
2.023759790937982861e-01
9.384724606064123731e-02
3.322333999851325576e-02
3.480996271348534704e-02
4.732648583352837279e-02
6.191203530986787162e-02
7.432906096591454514e-02
1.623180603882000417e-01
3.246047155498971160e-02
3.219775623284528571e-02
2.916432673733067651e-02
3.516369921986346736e-02
3.473803523958893247e-02
3.341761720958209836e-02
1.474184997204052994e-01
2.721678218363471347e-02
2.633668814866875832e-02
2.421391921726845017e-02
1.493987115579939289e-02
7.196316031841472338e-02
4.303779352489538884e-02
4.191583729216440818e-02
6.753590350117745500e-02
6.851357728968585081e-02
1.159883478056252110e-01
7.851085254610211395e-02
7.887115295811517046e-02
2.071169649912968092e-01
9.189124836664216978e-02
9.226413687172325961e-02
1.164790405279235858e-01
1.673320924494708095e-01
1.008952105278938527e-01
6.820853659881702391e-02
1.084190891163129972e-01
1.801590771516667633e-01
1.313296354386825626e-01
8.400295459748910454e-02
9.428384159738381620e-02
6.185332181531284779e-02
9.698174130183211117e-02
1.063570471108132853e-01
1.700335858813582235e-01
3.095238737976160892e-01
8.225272294929114603e-02
1.813668320376725929e-01
2.515314036863511848e-01
2.730120354256890258e-01
1.538324353479529893e-01
1.010470660979729818e-01
1.008335209250908610e-01
1.233453576912875577e-01
9.255571281441775378e-02
9.307866636739071664e-01
1.000000000000000000e+00
5.237480295005328967e-01
3.998626484541328852e-01
5.646650670849245879e-01
1.000000000000000000e+00
3.934029989349769330e-01
3.009690522665016132e-01
5.237480295005330078e-01
1.000000000000000000e+00
5.646650670849245879e-01
2.963296264264428381e-01
1.000000000000000000e+00
5.806426245283763388e-01
2.414349386618563631e-01
1.192318647006338633e-01
1.330808802620365716e-01
